5 0.170732 0.142061 0.106430 0.122563
5 0.325942 0.151811 0.119734 0.130919
5 0.496674 0.154596 0.115299 0.125348
5 0.670732 0.151811 0.113082 0.130919
5 0.835920 0.155989 0.115299 0.133705
5 0.157428 0.388579 0.124169 0.136490
5 0.328160 0.391365 0.124169 0.142061
5 0.494457 0.385794 0.119734 0.136490
5 0.667406 0.388579 0.119734 0.136490
5 0.832594 0.380223 0.104213 0.125348
5 0.177384 0.612813 0.093126 0.105850
5 0.324834 0.633705 0.117517 0.125348
5 0.495565 0.629526 0.117517 0.139276
5 0.666297 0.629526 0.121951 0.133705
5 0.833703 0.628134 0.119734 0.136490
5 0.344789 0.874652 0.073171 0.077994
5 0.468958 0.873259 0.064302 0.075209
