18 0.215044 0.094937 0.056637 0.099859
18 0.296903 0.085091 0.087611 0.091421
18 0.376549 0.084388 0.062832 0.092827
18 0.457080 0.096343 0.068142 0.085795
18 0.542035 0.093530 0.071681 0.082982
18 0.619912 0.109705 0.055752 0.081575
18 0.704867 0.079466 0.055752 0.097046
18 0.788938 0.093530 0.059292 0.105485
18 0.173894 0.205345 0.068142 0.106892
18 0.264159 0.198312 0.069912 0.098453
18 0.352655 0.210970 0.064602 0.104079
18 0.428761 0.222222 0.075221 0.095640
18 0.504425 0.203235 0.054867 0.085795
18 0.572566 0.213080 0.058407 0.099859
18 0.655752 0.215893 0.054867 0.088608
18 0.731858 0.195499 0.058407 0.098453
18 0.823009 0.211674 0.081416 0.111111
18 0.127434 0.293249 0.056637 0.088608
18 0.201327 0.314346 0.057522 0.091421
18 0.277434 0.312236 0.069912 0.090014
18 0.352655 0.337553 0.061062 0.098453
18 0.421681 0.351617 0.061062 0.090014
18 0.493363 0.338256 0.064602 0.102672
18 0.570796 0.331224 0.047788 0.088608
18 0.645575 0.336850 0.059292 0.085795
18 0.724336 0.315752 0.062832 0.113924
18 0.800442 0.322082 0.069912 0.095640
18 0.876106 0.313643 0.069027 0.101266
18 0.094690 0.447961 0.061947 0.094233
18 0.169912 0.476090 0.058407 0.097046
18 0.238053 0.479606 0.070796 0.098453
18 0.312832 0.480309 0.064602 0.085795
18 0.396018 0.485935 0.073451 0.099859
18 0.482301 0.492968 0.072566 0.099859
18 0.571681 0.490155 0.056637 0.091421
18 0.654425 0.499297 0.062832 0.092827
18 0.731858 0.450070 0.079646 0.123769
18 0.817699 0.471871 0.081416 0.102672
10 0.899558 0.460619 0.059292 0.094233
